1422.0055762081784
1707.948669201521
1442.0252525252524
1374.6571906354516
1757.2852348993288
668.4295302013422
245.50671140939596
211.52027027027026
386.0967741935484
232.78629032258064
429.2658662092624
1870.3522537562603
610.8718801996672
694.4440734557596
542.3327759197324
721.2609427609427
644.4107485604607
612.0718132854578
1973.747763864043
734.1147227533461
795.2882703777336
692.6363636363636
701.909691629956
287.50898203592817
998.0217391304348
1458.1070234113713
2381.8825503355706
1351.9054054054054
1776.5351170568563
585.0505050505051
278.48747913188646
537.5760135135135
1140.2905405405406
333.3686868686869
732.7848739495798
1100.8695652173913
1148.5781512605042
1041.6210350584306
280.29510961214163
404.2261904761905
557.3519458544839
795.3870402802102
1103.4256880733944
676.7922077922078
654.518115942029
755.6298245614036
858.3186813186813
451.3422818791946
964.2981260647359
1417.1830508474577
1380.87
1368.1793570219966
1785.7056856187291
611.8016666666666
261.33613445378154
547.2146422628952
988.4290540540541
493.0248226950355
626.0936454849499
407.81098901098903
663.1399662731872
857.4522613065327
327.6986301369863
396.7317939609236
678.9802513464991
615.7949183303085
1070.4572953736654
1168.1614785992217
615.7011070110701
583.9421052631579
741.8289241622575
577.9833333333333
969.0285714285715
1892.6164383561643
2157.731543624161
1394.1912751677853
1780.3030303030303
607.9266666666666
244.25546218487395
195.24958123953098
847.5075376884422
501.3333333333333
630.9410774410775
621.7300509337861
353.58430717863104
583.4273789649416
544.5851602023608
601.5295138888889
577.5460992907801
524.1047794117648
804.0278293135436
573.1035781544256
536.5428051001821
759.8527827648115
542.1503496503497
504.98322147651004
993.8988195615515
1574.0977701543738
1453.8401360544217
1481.8545150501673
1508.6381909547738
630.8961474036851
310.3333333333333
211.03697478991597
371.90625
368.17692307692306
1001.1638733705773
1168.5581395348838
787.4079861111111
473.572
961.5231910946196
440.3155737704918
643.5027624309392
755.5651340996169
568.8360655737705
709.8168103448276
566.4871323529412
542.5909878682842
1787.831081081081
378.4788494077834
991.5353535353536
1442.9543147208121
2306.344013490725
1547.829044117647
1368.045
612.1577181208054
264.96862745098036
512.9680672268908
614.5075125208681
289.5405872193437
586.9230769230769
526.7120879120879
809.6256499133449
656.8450704225352
570.9465240641712
257.7808219178082
507.4051724137931
528.4093567251462
1662.1296625222026
632.069090909091
612.6897810218978
586.3072916666666
767.4370748299319
237.60333333333332
989.1254180602007
1401.363481228669
1396.2668918918919
1397.5699831365937
1790.4033898305086
654.5633333333334
264.93275862068964
713.6209813874789
739.6194539249146
991.8612612612612
596.7683134582624
1016.1284722222222
893.457249070632
318.10305343511453
241.94899817850637
341.19750889679716
707.2821428571428
516.8017699115044
688.9363295880149
573.4135922330097
994.1215970961888
560.6817204301075
911.7044728434505
367.8504201680672
999.5709401709402
1441.110544217687
2329.545150501672
1458.7411167512691
1374.4857621440535
617.144537815126
265.52372881355933
876.757264957265
538.1964285714286
216.5432525951557
494.940350877193
317.9741550695825
348.6088794926004
504.52445193929174
309.70398481973433
634.6105263157895
515.7892720306513
533.657848324515
646.089605734767
1447.3683241252302
732.3314711359404
1704.2567849686848
535.0769230769231
269.9948586118252
1062.9912790697674
1410.4179487179488
1332.444933920705
1316.5866425992779
1321.8942953020135
946.9714765100671
252.95286195286195
973.7993254637437
927.3730834752981
382.55405405405406
776.433962264151
390.2304347826087
600.4835924006909
883.9678571428572
623.90329218107
412.6446700507614
555.6070763500932
639.6789473684211
1311.291280148423
632.3064220183486
635.3475046210721
797.6771844660194
522.6937618147448
199.23648648648648
955.5008347245409
1495.5244519392918
1480.835294117647
1433.7016949152542
1416.6742556917688
760.4182124789207
303.75544388609717
224.7060810810811
228.44897959183675
293.41783216783216
298.44053601340033
767.7517730496454
911.1262975778546
459.0804794520548
266.34137931034485
251.08216783216784
222.42518248175182
216.34375
223.94867256637167
210.29135338345864
225.6909090909091
208.9286956521739
220.00537634408602
638.0051020408164
1055.0837520938023
1494.513422818792
1369.1016666666667
1377.4030100334448
1385.4958263772955
602.9883527454243
235.95652173913044
203.74915824915826
217.2003367003367
403.41333333333336
596.2407407407408
837.8080133555926
575.0774410774411
655.0254901960784
766.3480475382004
421.57241379310346
542.1761467889909
571.8324225865209
653.8145833333333
1027.2678936605316
692.4385321100917
566.7534246575342
699.0151260504201
562.2916666666666
2114.872053872054
1686.2332214765102
1500.28547008547
2599.3808724832215
1502.3533333333332
775.4221105527638
263.5593220338983
194.25671140939596
264.1011804384486
280.33779264214047
721.1725293132329
621.3566666666667
376.97627118644067
266.30071174377224
265.51779359430606
230.16917293233084
220.32600732600733
236.14920071047956
219.02146690518782
231.3658969804618
599.4558823529412
599.5674255691769
780.4957983193277
807.0858585858585
954.7753378378378
1533.0991596638655
1421.4974958263772
1426.474662162162
1439.459098497496
668.505
278.8
389.39327731092436
212.75209380234506
340.3478260869565
788.2055045871559
1237.5014492753623
1280.3217726396917
1198.2761194029852
483.253937007874
242.7938596491228
224.81993006993008
231.6408934707904
218.19251336898395
718.9654427645788
531.0346153846153
521.0944123314066
767.0633484162896
257.2431506849315
960.3253012048193
1475.273043478261
1477.972972972973
1439.9081272084807
1407.2078364565589
668.7935702199661
264.2603448275862
426.85714285714283
227.625678119349
334.56483126110123
857.4434782608696
986.9914383561644
1153.2276559865093
706.3580034423408
534.8719723183391
233.26575809199318
226.18072289156626
231.39028475711893
209.93153153153153
844.8932584269663
681.1894353369763
576.271012006861
667.4096989966555
287.1188455008489
1000.7639123102866
1475.6179966044142
1457.0953177257525
1479.9282136894824
1399.0056179775281
667.5370370370371
293.6924369747899
331.1426146010187
210.54406779661016
208.00527240773286
224.81174438687393
244.67311411992264
212.37671232876713
263.8051948051948
647.9354838709677
358.03846153846155
236.17184643510055
215.06603773584905
205.80555555555554
202.47408829174665
214.27124773960216
336.35181644359466
1407.79
396.35
964.485
1440.9145728643216
1392.177554438861
1399.5118243243244
1408.7610169491525
577.3417085427136
290.42929292929296
361.80833333333334
275.0788590604027
341.38078291814946
648.4822335025381
1227.9512195121952
887.5368217054264
633.4614065180103
420.9098786828423
253.1358024691358
222.26124567474048
204.20658135283364
227.1747572815534
449.46542056074765
764.415559772296
626.5809352517986
819.0917107583774
476.96446700507613
949.6331658291457
1506.7508417508418
1417.7533333333333
1402.8845500848897
1390.02
654.1599326599327
284.8285714285714
364.43918918918916
227.88659793814432
242.22508591065292
222.61749571183535
554.4595070422536
383.92545454545456
594.5894736842105
233.81636726546907
232.48700173310226
222.98924731182797
205.26923076923077
382.82851637764935
508.6216216216216
530.7252336448598
721.9372822299651
559.1041666666666
351.3680430879713
1020.1042016806723
1517.7340067340067
1437.220367278798
1433.3898305084747
1383.2533333333333
1002.8833333333333
272.6649659863946
351.7755443886097
452.21943048576213
530.9048414023372
325.3339920948617
338.55424063116374
255.8211091234347
671.7127071823204
1570.8496503496503
603.5868372943327
520.9925512104284
583.5584415584416
1138.3126213592234
362.4405204460966
343.0521415270019
373.8361266294227
488.52833638025595
522.2269503546099
1092.655172413793
1447.4747292418772
1413.7434554973822
1379.238421955403
1357.9505300353358
839.6815834767642
229.75909878682842
220.02079722703638
582.073359073359
322.41793570219966
680.0871021775545
479.48148148148147
711.062818336163
1071.289383561644
1054.95025728988
674.269035532995
338.87984496124034
622.9627659574468
602.1607142857143
761.3224568138196
608.5070422535211
640.1161524500908
1305.0323129251701
494.15750915750914
955.6843003412969
1631.8932874354562
2284.1283783783783
1843.672325976231
1890.4697986577182
774.8714524207012
302.8003355704698
543.4948630136986
639.410472972973
345.1457194899818
733.727626459144
946.9764150943396
1258.7804391217564
1209.1070038910507
765.7586206896551
489.5805785123967
333.2361111111111
474.0292275574113
1201.4822429906542
641.0749063670412
613.9260628465804
637.6666666666666
625.8383838383838
364.9357277882798
1002.7513043478261
1636.4246575342465
1521.6860068259386
1502.4006908462868
1534.8733108108108
682.5415959252971
311.80035335689047
499.5352941176471
712.1022304832713
472.807619047619
742.9686800894855
431.5824175824176
451.3069306930693
841.8268292682927
869.4072494669509
365.22391857506364
435.117202268431
561.274
1623.6784037558687
592.6278625954199
579.5064695009243
594.794425087108
673.5611888111888
305.4226804123711
974.0323129251701
1470.591836734694
1502.2759197324415
1431.1109215017066
1421.9642248722316
659.3423728813559
259.49155405405406
537.5982905982906
292.51438240270727
259.07835820895525
643.2897603485839
1055.8257080610022
787.3005366726297
289.55078125
229.15495867768595
394.84432234432234
417.2521891418564
549.1519434628975
517.9081081081081
537.8220973782771
494.4298245614035
679.8050847457627
1357.561122244489
364.36380597014926
967.8394415357766
1532.7369308600337
1459.67
1383.1618887015177
2036.0150753768844
687.4140233722871
262.6170568561873
1025.734899328859
602.7983333333333
731.6729776247848
303.5111561866126
964.5936395759717
1277.19056261343
901.6058394160584
745.2192513368984
413.65499124343256
342.31588132635255
322.0088495575221
1496.9114391143912
615.6931330472103
582.1592920353983
596.6950354609929
751.6900684931506
451.25476603119586
964.2349823321555
1620.1985111662532
240.54232804232805
282.8478260869565
918.2943143812709
1322.5234113712374
663.597972972973
1379.8489932885907
671.3164983164983
192.19055649241147
1004.5466666666666
1462.88
2120.8929765886287
1989.835
1452.6989966555184
625.8779264214047
250.8095238095238
201.3235800344234
189.5858407079646
173.30976430976432
202.1851851851852
178.25838926174498
179.88682432432432
216.29225352112675
179.18726591760299
207.355
190.23578595317727
175.15242881072027
197.59
169.6304347826087
169.8890756302521
209.1765704584041
170.77342419080068
179.58823529411765
962.6094276094276
1495.89816360601
1426.0016666666668
1396.58
1317.1833333333334
616.8046744574291
237.21016949152542
170.3826530612245
206.72
175.80936454849498
172.72833333333332
196.81208053691276
168.5242881072027
172.6677796327212
201.92649572649572
174.67207207207207
173.56985294117646
203.45342706502637
173.01530612244898
169.75925925925927
193.46911519198665
169.4918367346939
170.34821428571428
201.65
935.2838063439065
1385.445
1386.6560934891486
1319.679465776294
1346.835
595.7604395604395
217.9648829431438
168.41166666666666
188.435
169.6850921273032
170.96321070234114
196.035
175.0617696160267
168.23128119800333
187.35333333333332
173.25166666666667
175.19666666666666
196.62040133779263
173.7291311754685
176.98961937716263
204.38655462184875
168.4
167.60166666666666
194.68166666666667
959.89
1388.5666666666666
1383.4566666666667
1363.9933333333333
1318.4866666666667
569.035
237.88127090301003
176.89666666666668
200.04666666666665
178.2170283806344
166.59240506329115
181.6127946127946
196.51351351351352
176.76632302405497
191.1698473282443
194.2778761061947
169.0
176.41166666666666
196.0942760942761
175.84873949579833
176.2787979966611
187.91485809682806
164.645
170.02177554438862
976.0016666666667
1454.825
1409.528109028961
1351.584307178631
1370.2401372212694
626.6870748299319
239.87958115183247
184.55923344947735
185.17420435510888
197.7295492487479
169.56734006734007
173.43915343915344
193.90630323679727
195.8972602739726
167.89931740614335
192.4829351535836
184.5702341137124
177.46076794657762
203.54666666666665
170.62333333333333
165.1686143572621
186.09151414309486
180.89
174.83
942.3583333333333
1507.5862646566163
1357.9166666666667
1380.6274509803923
1411.9481865284974
631.9161073825503
211.7418244406196
195.83187390542906
180.76978417266187
183.62748643761302
219.14857142857142
176.8154761904762
168.14171656686628
189.18562874251498
178.46938775510205
174.96963562753035
202.66166666666666
179.14814814814815
169.87394957983193
182.65166666666667
192.09060402684563
170.07833333333335
171.68333333333334
197.89333333333335
956.178631051753
1518.567387687188
1444.6883333333333
1423.6275167785234
1392.0945945945946
629.6522462562396
250.5008431703204
190.2379367720466
207.32
183.0943396226415
167.5476603119584
178.38030560271648
197.48381601362863
175.0087260034904
180.5490533562823
195.9
170.81058020477815
176.80242634315425
207.31946755407654
176.40169491525424
175.88628762541805
188.23627287853577
168.86744966442953
170.57166666666666
989.0416666666666
1483.9416666666666
1399.69
1437.385
1436.7779632721201
605.81
264.46822742474916
190.12333333333333
173.935
183.92465753424656
208.05631399317406
179.4334470989761
173.89304812834226
190.11129848229342
173.07426597582037
179.6578947368421
209.1045627376426
171.56239600665558
169.14333333333335
192.88666666666666
174.0066777963272
173.92736486486487
200.5629290617849
167.8958837772397
907.1018099547512
1446.4021739130435
1337.7066666666667
1354.207509881423
1291.9405405405405
617.6783333333333
242.88166666666666
179.675
201.38833333333332
166.56
168.94333333333333
196.65833333333333
172.86666666666667
175.98833333333334
196.59333333333333
170.97666666666666
171.77666666666667
200.48833333333334
173.33333333333334
166.925
179.05333333333334
184.25333333333333
173.11666666666667
184.945
943.0318791946308
1362.3466666666666
1352.6133333333332
1376.91652754591
1301.1547420965057
531.3616666666667
268.61872909698997
173.32059800664453
174.35666666666665
186.40939597315437
172.125
174.84
210.96327212020034
166.91333333333333
165.01166666666666
193.70951585976627
174.21166666666667
173.99333333333334
206.79591836734693
164.52276559865092
169.615
193.31
178.43193277310925
169.06333333333333
954.5383333333333
1388.6033333333332
1314.8933333333334
1348.57
1320.6375838926174
520.6816666666666
223.08922558922558
203.65319865319864
177.6170568561873
181.35121107266437
192.20338983050848
175.17198581560282
179.53088480801335
204.93707482993196
173.61969439728352
174.48615916955018
216.58671586715866
177.573055028463
176.89437819420783
191.64022140221402
168.07032590051458
177.5130890052356
210.5482233502538
173.8702163061564
930.4765100671141
1459.8650519031141
1340.7452667814114
1330.037099494098
1342.215
577.1469594594595
192.9180602006689
198.61186440677966
181.93739424703892
170.2742474916388
177.8827470686767
198.60804020100502
179.85443037974684
183.6451612903226
194.54255319148936
174.0631399317406
178.5310924369748
203.98970840480274
169.6644407345576
542.6262626262626
820.4716666666667
553.9173693086003
742.75
273.3
952.535
1400.5483333333334
1355.6404682274247
1373.19
1354.3048576214405
933.0983333333334
259.63606010016696
457.55333333333334
236.42166666666665
215.30050933786077
245.96979865771812
495.89830508474574
276.4633333333333
258.27027027027026
607.5346020761245
398.3429541595925
248.3989983305509
319.6923076923077
443.74367622259695
1447.1816666666666
913.645
557.5909849749582
1480.403114186851
414.87666666666667
983.1416666666667
1382.2916666666667
1329.1233333333332
1300.4565217391305
1221.7271214642262
851.295
261.0366666666667
315.54035087719296
284.66
912.510067114094
188.59830508474576
215.93833333333333
183.4983108108108
211.78823529411764
196.17832167832168
308.91399662731874
282.32427843803055
338.14
555.1953255425709
550.3355592654424
589.8302828618969
544.9476351351351
575.3183333333334
399.9265442404007
971.160267111853
1394.2771285475792
1354.3167259786476
1367.2457627118645
1336.0833333333333
935.8080133555926
291.03846153846155
382.45317725752506
325.42
1101.2064846416383
598.311958405546
200.79725085910653
178.1689189189189
214.03045685279187
185.65661641541038
173.26565143824027
346.1198003327787
243.5979381443299
323.0066889632107
460.9145728643216
519.6273504273504
568.2599653379549
732.7783505154639
353.53231292517006
941.5879396984925
1421.9712351945855
2406.2898305084746
1321.344827586207
1353.56
611.7283333333334
242.00346020761245
586.6772046589018
263.008347245409
295.39115646258506
224.11222780569514
327.91
734.4310344827586
581.1863247863248
292.48797250859104
714.3327645051195
361.16833333333335
726.501677852349
1272.5308848080133
499.1966386554622
550.0505902192243
517.1788908765653
687.9662162162163
1343.7976588628762
976.7077464788732
1455.3533333333332
1374.6148648648648
1431.1079258010118
1366.4683333333332
613.9079754601227
259.321608040201
183.305
195.28666666666666
215.395
231.81333333333333
194.55611390284758
191.84497444633732
173.14166666666668
205.44166666666666
174.555
191.04857621440536
195.88144329896906
173.15061295971978
182.0316205533597
729.6711281070745
563.6660341555977
610.6666666666666
208.27833333333334
932.395
1457.255
1422.34
1399.535
1454.6083333333333
669.5316666666666
235.7946127946128
418.7683333333333
239.6371237458194
241.88833333333332
245.38217821782177
302.6587837837838
625.6331658291457
365.99793388429754
1040.62
273.6069565217391
297.4043261231281
242.84808013355592
368.69453924914677
453.6943462897527
432.6816666666667
640.7083333333334
1121.741610738255
308.51438240270727
974.4891122278057
1437.4026622296174
1806.8791946308725
1996.0469798657718
1312.0254237288136
632.8501683501684
179.59701492537314
689.4545454545455
746.9055555555556
319.6044362292052
189.8987108655617
215.71003717472118
222.5672191528545
608.6312849162011
650.0409683426443
490.29739776951675
421.5351851851852
441.93071161048687
479.8081180811808
462.453531598513
482.4460966542751
1553.886827458256
1157.6505576208178
1077.1340782122904
1018.1632653061224
974.9292364990689
695.5381750465549
265.9330855018587
403.1359404096834
294.62267657992567
1666.9531835205992
2076.473098330241
4262.839552238806
2435.5996275605216
568.0092764378479
547.3843283582089
575.5018656716418
445.13035381750467
562.4925373134329
557.2873134328358
585.1899441340782
470.0429104477612
677.9090909090909
439.5064935064935
269.2185185185185
1588.3029739776953
2530.849442379182
1489.9011194029852
2033.0243445692884
1447.9074074074074
875.3308411214954
435.0073664825046
345.4526515151515
220.73595505617976
692.3743016759777
1861.3847583643123
259.543599257885
657.5881261595547
265.74531835205994
519.8451492537314
1146.8971962616822
1135.4504672897197
750.0075329566855
932.1616541353384
540.7579737335835
618.449814126394
1296.123844731978
460.7031539888683
188.38888888888889
1456.4242990654207
1182.6915887850466
1098.9106145251396
997.1100746268656
1051.0956848030019
744.4496268656717
877.0223880597015
2693.2342007434945
202.3209647495362
718.7514018691588
497.8417132216015
805.0727611940298
1002.205223880597
1405.0763500931098
451.1005586592179
515.2280373831776
431.02411873840447
553.026119402985
372.89239332096474
358.48417132216014
338.23376623376623
590.6263940520446
429.83948339483396
394.07421150278293
1306.474074074074
1017.3
1001.2267657992566
1242.3011152416357
1023.0446096654275
689.5940959409594
742.090405904059
661.9833024118739
495.87269372693726
676.7775735294117
882.7129629629629
394.8259259259259
1160.9055555555556
1878.3847583643123
1800.7463235294117
441.16326530612247
304.1478743068392
342.0
269.6761487964989
312.9235074626866
271.8895131086142
257.45996275605216
609.6884328358209
234.0834879406308
1378.2081784386617
1131.5716945996276
1048.5719626168225
1072.0018552875695
1072.8475836431228
867.6003717472119
457.5046554934823
513.4962686567164
703.1802973977696
1047.1231343283582
3616.9369202226344
358.7365491651206
319.3705772811918
1181.2364990689014
395.41977611940297
619.5355805243446
990.0841121495328
1459.6759776536312
2476.542750929368
839.445895522388
607.0597014925373
741.0581613508443
558.8715083798883
277.93283582089555
1635.4301675977654
1585.1026119402984
2542.6100746268658
1579.9757462686566
1518.1722846441949
1172.0576208178438
1247.5671641791046
441.8007448789572
438.6561338289963
3564.7555970149256
3831.2182835820895
2252.634328358209
1119.4189944134077
1489.0410447761194
1401.4962686567164
2482.319029850746
1851.6809701492537
2866.003738317757
522.3227611940298
545.5992509363296
647.7225325884543
462.9289719626168
585.3681214421252
361.8968871595331
632.3233082706766
512.794776119403
1007.2728971962617
973.3059701492538
547.8100558659218
531.9515828677839
309.53258845437614
399.6666666666667
548.3899253731344
1725.6934579439253
816.2056074766355
3599.807476635514
346.22242990654206
302.66231343283584
554.4009216589861
518.5158286778399
2353.774674115456
1160.1635687732341
642.8905380333952
617.3833333333333
682.8712686567164
625.6284658040665
935.2337662337662
556.0093109869646
688.1182994454714
548.2448598130841
1317.204081632653
567.1865671641791
541.8003731343283
527.7140186915888
488.90485074626866
966.3102803738318
396.2425373134328
1078.9072356215213
512.5743494423792
2439.108856088561
781.5555555555555
282.2271880819367
466.19109461966605
615.2820037105752
530.2267657992566
579.2537037037036
602.8701298701299
483.5046554934823
691.5335820895523
491.2578849721707
496.5807050092764
331.2555970149254
1039.4487895716945
691.4096834264432
575.4944029850747
551.5780669144981
564.0242990654206
550.0130111524163
331.9068901303538
366.09719626168226
261.7089552238806
1157.4990654205608
1021.375
502.07462686567163
951.2
973.1813084112149
523.1117318435754
485.5623836126629
503.6175373134328
506.80223880597015
921.8483146067416
569.4216417910447
486.2555970149254
1393.8212290502793
518.1529850746268
208.5205223880597
888.5895522388059
711.6
1014.268156424581
877.8130841121496
724.1187384044526
724.364990689013
534.4832089552239
373.36802973977694
1203.8903345724907
248.01298701298703
1361.351401869159
400.877094972067
719.4859813084112
814.2092592592593
778.7012987012987
384.7643784786642
407.1465677179963
1701.419776119403
506.79847908745245
500.53714285714284
439.19252336448596
581.5764925373135
1295.5921787709497
226.0056179775281
853.2846441947565
735.6691588785046
1126.5584415584415
846.7342007434944
663.0111731843575
759.0242990654206
512.3600746268656
248.21042830540037
740.2481343283582
521.5754189944134
339.5903165735568
235.21189591078067
475.17560073937153
448.14689265536725
475.4600760456274
473.47777777777776
518.2940074906367
509.74626865671644
775.6270871985158
475.4990723562152
513.7355679702049
659.945895522388
413.41121495327104
250.46192893401016
189.42322097378278
309.81050656660415
383.31954887218046
394.7002012072435
400.2326869806094
666.610644257703
455.45714285714286
445.8735891647855
508.95785440613025
259.6805293005671
222.68301886792452
177.3111954459203
269.5890151515151
178.24293785310735
182.07909604519773
218.70731707317074
199.1758034026465
393.09056603773587
638.2041587901701
882.5803402646503
247.76022304832713
189.99813432835822
335.37243947858474
230.36822429906542
273.843984962406
307.1809701492537
400.16541353383457
382.0279850746269
1335.2138836772983
427.31144465290805
358.51035781544255
380.9266917293233
1366.5131578947369
388.25278810408923
217.33519553072625
202.47761194029852
187.86380597014926
171.38317757009347
202.01123595505618
173.15037593984962
205.3377358490566
396.5422138836773
391.9640831758034
231.25891181988743
172.65853658536585
534.7472118959108
645.7788104089219
316.14018691588785
238.0373831775701
234.23827392120074
320.45607476635513
386.2555970149254
393.35
887.6635514018692
414.62708719851577
416.1026119402985
620.1359404096834
355.38619402985074
215.52247191011236
192.22097378277152
177.61380597014926
221.0822429906542
1099.1757009345795
532.8703007518797
242.04494382022472
396.8694029850746
466.6629213483146
430.72659176029964
225.89943074003796
245.4671669793621
211.5009416195857
408.0859813084112
301.5559701492537
311.01495327102805
392.80675422138836
413.4411214953271
471.62288930581616
420.43714821763604
444.60861423220973
411.82894736842104
400.7425373134328
457.0450281425891
231.30149812734084
289.9906542056075
219.24253731343285
217.37640449438203
533.9126394052045
286.3707865168539
250.05263157894737
610.8026315789474
449.62546816479403
554.2532833020638
264.45676691729324
546.4482109227872
640.9026217228464
404.34644194756555
187.51123595505618
254.66041275797375
275.44465290806755
401.44736842105266
584.5206766917294
450.9700374531835
387.207476635514
396.8345724907063
545.5224719101124
346.78691588785045
191.2742537313433
177.5512104283054
222.2669172932331
180.15759849906192
178.34766355140187
198.21042830540037
181.85981308411215
357.66168224299065
205.47663551401868
1565.4245810055866
273.85178236397746
232.6411214953271
255.53558052434457
520.8217636022514
310.85767790262173
432.5121951219512
407.9384328358209
378.20335820895525
390.1809701492537
344.83895131086143
298.938202247191
289.625
334.09479553903344
301.63500931098696
324.09869646182494
291.637707948244
226.78026070763502
213.48423005565863
465.91635687732344
249.11069418386492
213.49812734082397
173.45590994371483
246.56822429906543
628.2742537313433
273.8370786516854
263.53644859813085
212.05410447761193
230.08301886792452
246.011320754717
223.7570093457944
501.6135084427767
374.57410881801127
351.64232209737827
709.6923076923077
349.22346368715085
375.61121495327103
1429.8236397748592
376.4143126177024
167.79511278195488
178.66478342749528
198.05816135084427
178.62476547842402
188.8517823639775
172.98696461824954
210.12570356472796
392.0093457943925
217.90280373831774
208.13483146067415
409.5842696629214
471.4897196261682
567.4074766355141
257.4934823091248
385.9888268156425
234.07262569832403
332.003717472119
400.31284916201116
1419.2337962962963
467.9881188118812
328.75836431226764
363.96629213483146
324.49626865671644
254.203738317757
197.36988847583643
185.83548983364142
221.88805970149255
175.38836772983115
1116.0261194029852
569.833644859813
203.003738317757
366.64684014869886
253.77009345794391
531.2251407129456
228.8152985074627
236.4596622889306
213.57089552238807
548.6082089552239
208.4830827067669
331.0545112781955
330.3239700374532
385.7059925093633
602.468045112782
978.8876404494382
660.8742964352721
1699.3681818181817
378.6747663551402
266.44716981132075
209.207476635514
178.49906542056075
183.66479400749063
191.17843866171003
173.34953271028039
193.43283582089552
202.05027932960894
388.2313432835821
449.78317757009347
169.89199255121042
206.84729981378027
184.1685393258427
180.33395176252318
756.7588785046729
529.3414179104477
258.90262172284645
453.8320895522388
417.0558659217877
1299.603738317757
384.7906542056075
362.74766355140184
372.80970149253733
349.54664179104475
309.27425373134326
168.25607476635514
215.13035381750467
178.7007434944238
212.0936329588015
180.8373831775701
169.6067415730337
231.95514018691588
495.8274582560297
556.9703153988868
614.6990654205607
209.51492537313433
175.0561797752809
207.84014869888475
350.1973929236499
286.9441340782123
260.4340659340659
401.81412639405204
446.7951582867784
380.75422138836774
1071.5112359550562
1388.609022556391
353.59065420560745
655.1228733459358
434.8973880597015
197.74363992172212
203.77631578947367
227.94194756554307
200.609756097561
1140.8973880597016
546.7201492537314
239.49345794392522
897.6129032258065
1644.640831758034
175.88804554079695
189.52751423149905
188.2165725047081
174.28195488721803
231.2377358490566
187.50378787878788
196.00187969924812
213.93950850661625
190.34716981132075
320.24626865671644
406.9230769230769
1259.7033582089553
365.3854748603352
552.1884328358209
503.47486033519556
198.44897959183675
174.17472118959108
175.77121771217713
205.70093457943926
170.52230483271376
201.1492537313433
174.9570895522388
292.8462998102467
1687.7069351230425
1946.207476635514
196.455223880597
172.71161048689137
210.79400749063672
173.70149253731344
170.28358208955223
193.63364485981307
171.71214953271027
185.95335820895522
199.0705009276438
189.65735567970205
210.6728971962617
188.0373831775701
201.23177570093458
494.08856088560884
300.05970149253733
188.49067164179104
190.07235621521335
174.20973782771534
202.42085661080074
586.2971962616822
178.06355140186915
202.70280373831775
403.3876404494382
292.953531598513
468.6119402985075
829.9345794392524
690.9944029850747
915.429104477612
352.84831460674155
500.4448598130841
1178.5966228893058
1758.3500931098697
393.3147113594041
419.1305970149254
413.0391791044776
376.89814814814815
1466.8988764044943
448.3556797020484
387.09532710280376
206.6082089552239
215.93457943925233
183.4163568773234
519.7057728119181
1227.4429906542057
213.40150093808631
405.52710280373833
1953.9421641791046
283.34831460674155
200.31073446327684
537.8367729831144
259.2771535580524
663.3107344632768
380.9549718574109
338.1011235955056
369.2603773584906
429.94934333958724
1045.0470809792844
637.4756554307116
457.9001883239171
421.4075471698113
594.2094339622641
284.7996254681648
248.94736842105263
1321.0410447761194
1154.7223264540337
1033.6392523364486
1025.9022988505747
1016.1425891181989
872.7996254681648
344.76291079812205
247.4245810055866
850.0094876660341
244.7140186915888
743.8955223880597
1092.267657992565
240.44589552238807
262.9814126394052
318.76635514018693
353.828677839851
389.6586270871985
423.0369685767098
369.10536044362294
375.6734693877551
366.37873134328356
546.9041353383459
385.54579439252336
342.86355140186913
818.7020484171322
692.6499068901304
609.9253731343283
630.919776119403
563.794776119403
571.3869158878505
374.04664179104475
312.02059925093636
329.77570093457945
846.68156424581
328.52985074626866
238.5609756097561
258.7247191011236
229.87198515769944
279.3327102803738
427.0615671641791
417.8355140186916
1424.8915887850467
473.5092936802974
464.8475836431227
401.8636363636364
1376.4953095684803
280.17228464419475
306.3562992125984
559.1455223880597
497.17537313432837
504.3470919324578
442.97169811320754
856.1127819548872
516.7962264150943
434.0438095238095
819.805293005671
311.3188679245283
236.1129943502825
197.52255639097746
194.3030303030303
428.0246679316888
235.06703910614524
369.4850746268657
372.0223463687151
853.5959031657355
1507.8584729981378
438.9702048417132
477.35873605947955
382.8820224719101
578.4200743494424
337.54766355140185
235.42429906542057
465.06915887850465
467.3140186915888
422.1173184357542
1177.1638733705772
853.3981308411215
336.15671641791045
422.66480446927375
593.570895522388
230.96074766355142
222.71535580524343
225.82056074766356
433.96461824953445
384.74067164179104
315.3383458646617
345.82616822429907
373.3631284916201
368.5009345794393
1021.3059701492538
426.2048417132216
392.65735567970205
404.39179104477614
557.5532710280373
351.6829268292683
212.82867783985103
349.1214953271028
354.30075187969925
314.17690875232773
338.26641651031895
608.6228893058161
381.21013133208254
469.5055762081784
252.91836734693877
584.6040892193308
875.2332089552239
489.47592592592594
626.5046554934823
316.3035381750466
191.5679702048417
240.7546468401487
359.77222222222224
315.02251407129455
503.0093457943925
537.7444029850747
382.8707865168539
552.2598130841121
394.46840148698885
280.71535580524346
242.54832713754647
490.5335820895522
341.2434456928839
356.3527204502814
376.4264432029795
352.8733705772812
525.9962894248608
551.0354477611941
288.5977653631285
430.7158878504673
1333.3358208955224
2326.9626865671644
865.7966417910447
183.79439252336448
215.12218045112783
268.6835205992509
354.8988764044944
463.2280373831776
345.09328358208955
523.1816479400749
425.7294776119403
431.12897196261684
617.7546816479401
413.31529850746267
280.44736842105266
462.12406015037595
438.21495327102804
407.4146341463415
1407.0845864661653
391.1158878504673
445.40520446096656
483.6454033771107
240.5403377110694
227.77861163227016
193.00936329588015
208.2910447761194
281.76404494382024
356.17790262172286
398.83054003724396
327.6437847866419
359.12987012987014
399.30393996247653
1490.5351851851851
505.07635009310985
1353.6133828996283
709.4081632653061
1215.5454545454545
331.5308411214953
175.00186567164178
581.3538175046555
620.0262664165103
532.1741573033707
580.1610486891386
522.7486033519554
553.5805243445693
453.5112781954887
806.016885553471
212.609756097561
921.9343339587242
568.9271028037383
333.5676691729323
689.643784786642
233.35849056603774
413.1947069943289
310.3333333333333
410.85820895522386
1365.5371747211896
647.3704545454545
447.3847583643123
447.42936802973975
572.6456400742115
321.5894538606403
205.0547169811321
840.1071428571429
1103.934086629002
948.1332082551595
958.8474576271186
940.3609022556391
899.6169811320755
633.5722326454033
272.894538606403
227.37265917602997
265.4691588785047
251.73684210526315
240.45945945945945
1175.181146025878
662.6129629629629
247.93109869646182
423.77340823970036
378.94579439252334
444.0842696629214
551.919776119403
194.87078651685394
220.47113594040968
185.40747663551403
181.67120181405895
201.55350553505534
172.18484288354898
193.24768946395562
201.94248608534323
187.66666666666666
218.90959409594095
185.69926199261994
178.6965265082267
212.72407407407408
188.86162361623616
237.67962962962963
283.80073800738006
192.71296296296296
189.78333333333333
226.83548983364142
207.32162661737524
203.5425925925926
240.04990757855822
199.865561694291
190.99260628465805
219.46567717996288
195.67717996289426
193.18634686346863
229.3389199255121
198.21256931608133
194.84230055658628
218.6178107606679
189.21362799263352
194.3456561922366
219.50184501845018
195.30129390018485
202.68215613382898
237.83333333333334
207.3574074074074
207.4712430426716
198.78333333333333
190.83364140480592
198.81801801801802
208.57063197026022
187.43703703703704
201.11688311688312
195.5557620817844
216.26062846580407
232.67592592592592
204.10166358595194
203.6876155268022
218.99628252788105
198.71771217712177
209.46139705882354
239.0348623853211
195.21787709497207
207.28624535315984
224.13148148148147
192.14814814814815
209.03703703703704
247.21561338289962
197.42777777777778
175.85687732342006
210.06839186691312
179.47882136279927
176.38929889298893
204.38404452690168
185.20220588235293
182.6171003717472
214.4406392694064
176.6770642201835
199.61623616236162
239.58070500927644
210.5648148148148
203.43542435424354
227.01669758812616
202.88333333333333
195.6894639556377
216.44712430426716
186.42592592592592
198.30612244897958
217.56586270871986
188.17810760667905
214.42565055762083
205.4022346368715
192.42085661080074
199.08703703703705
183.00739371534195
183.3118081180812
209.32037037037037
183.14444444444445
179.7174721189591
203.88497217068647
174.48339483394835
203.75830258302582
241.40665434380776
211.04419889502762
203.00925925925927
220.8961038961039
193.34200743494424
203.5037037037037
232.1563088512241
200.36111111111111
194.60482374768088
232.13644859813084
200.26617375231055
191.6417910447761
231.65735567970205
213.01296296296297
208.93703703703704
230.46196660482374
176.8828996282528
202.50462107208872
198.50185185185185
188.03153988868274
221.7472118959108
193.85315985130111
218.2207792207792
235.33826247689464
206.59586466165413
202.6078066914498
237.48698884758363
203.51301115241637
195.86270871985158
216.43494423791822
194.91836734693877
210.0630797773655
245.48798521256933
202.08872458410352
197.55762081784385
228.45420560747664
202.92523364485982
209.94962686567163
236.6927374301676
209.57063197026022
219.5425925925926
210.55347091932458
200.9814814814815
222.87732342007436
206.48333333333332
208.67592592592592
236.96468401486987
191.14814814814815
191.3780260707635
220.38919925512104
195.0720887245841
193.3854748603352
219.37424547283703
182.5422138836773
187.09814814814814
222.2267657992565
194.38888888888889
192.90520446096653
221.7732342007435
196.89239332096474
182.30841121495328
240.38518518518518
205.98130841121494
193.6189591078067
205.06877323420073
177.57355679702047
188.33955223880596
210.08598130841122
188.51024208566108
206.81412639405204
190.90723562152132
178.26022304832713
231.64794007490636
223.14312267657994
211.75842696629215
235.8859813084112
208.8502772643253
182.57620817843866
225.86964618249533
197.8975791433892
202.4368029739777
232.56052141527002
186.89944134078212
196.96125461254613
225.19851576994435
210.8550185873606
226.45353159851302
276.2910447761194
1025.682745825603
287.37732342007433
249.78453038674033
236.51386321626617
393.6159554730983
290.81666666666666
545.2669789227166
444.25858585858583
498.59737827715355
661.8893058161351
507.5626168224299
490.0587121212121
1348.4616822429907
277.8717472118959
194.56554307116104
181.2708719851577
206.2574074074074
181.13465346534653
201.7735470941884
607.8576923076923
211.42671614100186
411.834879406308
253.40040241448693
517.0532544378698
774.2544031311155
225.686626746507
258.7318007662835
827.5218216318785
264.3333333333333
290.7530120481928
408.062893081761
434.05037313432837
403.518
871.4729981378026
419.95522388059703
443.3306451612903
625.6542056074767
458.0209923664122
363.747591522158
1671.625708884688
1484.5843621399176
1397.4802259887006
1376.3456310679612
1495.895038167939
1070.7384615384615
281.54633204633205
370.72514619883043
459.45506692160615
827.295918367347
1331.4564796905222
273.0543689320388
204.62167689161555
202.90267175572518
437.07142857142856
296.14595660749507
394.893536121673
526.6819047619048
609.9300970873786
370.5217391304348
356.949494949495
573.962890625
326.55486542443066
218.36415094339623
1731.6832971800434
1593.8030018761726
1545.705078125
1409.0114285714285
1373.0607210626185
1022.5604838709677
298.1996197718631
354.46679316888043
236.10496183206106
310.76526717557255
384.78886756238006
247.16824196597352
1107.045627376426
488.48674242424244
1711.0839694656488
1070.7410881801127
452.10377358490564
463.24380952380955
1980.0881226053639
729.6354961832061
1678.2480916030534
532.559925093633
356.3884758364312
174.15327102803738
1290.0652985074628
1169.2862453531598
1026.642857142857
1108.540186915888
1009.9752851711027
865.2977528089888
621.6252354048964
366.46374045801525
261.8874045801527
863.6826003824092
261.33078393881453
264.1656804733728
244.56679389312978
342.49436090225566
330.53644859813085
461.909604519774
632.9515828677839
502.3057692307692
499.8314393939394
523.8785046728972
661.6336448598131
484.06538461538463
308.8949343339587
181.60037523452158
1651.6957403651115
1331.44776119403
1271.7320388349515
1252.734962406015
1218.6610486891386
946.296992481203
292.80625
831.3773234200744
705.0523364485981
322.77570093457945
346.98880597014926
273.91214953271026
451.2983114446529
263.94296577946767
353.5019011406844
538.5018867924529
570.6634799235181
963.4191729323309
531.0339622641509
522.6301886792453
544.203036053131
1782.9886578449905
455.3087121212121
205.9431818181818
1299.316287878788
1107.4166666666667
947.0921052631579
888.3214953271028
827.8239608801956
641.7333333333333
514.0330097087378
329.4163346613546
248.20634920634922
248.6798418972332
301.644
294.6206140350877
325.0871212121212
410.15524193548384
292.1757009345794
432.81716417910445
561.2383612662942
1422.6971962616822
502.9832713754647
499.953531598513
492.44177449168205
1722.4702602230484
328.52973977695166
223.27592592592592
772.4888888888889
652.2611940298508
1590.8234200743495
572.2439926062847
574.5380333951763
503.9242144177449
512.6944444444445
745.0797773654916
637.2779850746268
474.56756756756755
240.00980392156862
219.98513011152417
313.1592592592593
313.7922077922078
458.1759259259259
511.9569288389513
512.6348314606741
497.6691588785047
538.0414312617703
569.9529190207156
528.9943609022556
289.1685393258427
213.92220113851994
208.72014925373134
191.27289719626168
1111.9310986964617
188.74018691588785
212.96641791044777
522.4634146341464
465.41776937618147
229.67977528089887
186.46052631578948
191.36822429906542
849.3761638733706
270.07276119402985
281.8424015009381
238.08971962616823
428.9157303370786
314.1233644859813
1011.8448598130841
618.8742857142857
559.6620825147347
495.7271028037383
683.9289719626169
306.714552238806
192.27392120075046
222.50749063670412
178.91028037383177
206.5422138836773
195.87640449438203
182.68598130841121
252.61753731343285
390.44299065420563
624.1704119850187
543.0970149253732
215.14473684210526
545.0187969924812
223.91557223264542
341.9642184557439
240.79588014981275
233.95872420262666
309.5281954887218
659.0505617977528
516.545966228893
518.975791433892
508.17196261682244
698.6060037523453
493.4822429906542
183.54666666666665
210.39302325581394
196.05949656750573
174.42561205273068
208.0056179775281
176.09022556390977
206.7289719626168
272.8018691588785
634.1541353383459
574.5413533834586
461.33958724202625
622.0636704119851
217.4577861163227
214.11359404096834
245.78130841121495
503.69850187265916
288.25607476635514
234.17228464419475
444.07089552238807
1820.6716417910447
481.7220149253731
478.0842696629214
559.4925093632959
644.0371747211896
369.3196261682243
222.67723880597015
182.09701492537314
205.89473684210526
188.0205223880597
174.87174721189592
209.62313432835822
178.3626168224299
311.67910447761193
248.9250936329588
585.5706319702603
634.4608208955224
1259.8420074349442
324.30223880597015
360.43575418994413
264.70588235294116
213.3579952267303
522.8157894736842
1306.073033707865
349.8794063079777
341.5186567164179
328.877094972067
311.8392523364486
423.16977611940297
492.22346368715085
202.13619402985074
200.28864059590316
176.9442379182156
212.5371747211896
172.4442379182156
177.46654275092936
205.0426716141002
301.59514925373134
238.9683426443203
199.16759776536313
617.0762081784386
194.13805970149255
411.56472795497183
298.7252336448598
215.45607476635513
232.49812734082397
356.81682242990655
752.7225325884543
1229.639097744361
564.7509433962264
492.71722846441946
508.3005565862709
1529.7490706319702
484.2307692307692
204.82242990654206
204.84456928838952
206.796261682243
178.01495327102805
192.55243445692884
204.27881040892194
203.49440298507463
438.84803001876173
401.95880149812734
247.23639774859288
553.8689138576779
256.63653483992465
282.42589118198873
1554.3463687150838
222.93831775700934
247.52255639097746
397.41001855287567
1652.5794392523364
938.1121495327103
572.4033771106942
634.6960600375235
509.11842105263156
694.2433962264151
386.2476547842401
211.9142857142857
190.7296786389414
182.70967741935485
222.27735849056603
180.8684210526316
194.9322033898305
231.27358490566039
356.32730923694777
897.9436090225564
274.07909604519773
539.6822429906542
280.0655430711611
176.18386491557223
219.04127579737334
174.66791744840526
174.91181988742963
407.48501872659176
480.5626168224299
507.7134831460674
618.7116104868913
511.1056603773585
565.4555765595463
591.1073446327683
497.53370786516854
174.45607476635513
191.0093984962406
561.8239700374531
725.5586592178771
216.02621722846442
172.86915887850466
195.67041198501872
426.4176029962547
238.88345864661653
204.52067669172934
486.8859813084112
630.6123595505618
264.82894736842104
271.3820224719101
247.41573033707866
179.80112570356474
284.6752767527675
556.4416342412451
349.47279549718576
373.0750469043152
362.4082397003745
369.7401869158879
605.9046728971963
292.77943925233643
167.09227871939737
214.55514018691588
175.07102803738317
174.96629213483146
207.796261682243
172.05430711610487
193.83895131086143
407.0243445692884
442.7105263157895
1150.3726591760299
248.60526315789474
184.11654135338347
196.94569288389513
411.4180790960452
362.13799621928166
289.7099811676083
292.9531835205992
347.22975517890774
521.223506743738
349.56660412757975
389.86037735849055
362.56928838951313
626.6419294990724
337.77653631284915
182.68411214953272
183.56578947368422
198.41385767790263
171.65103189493433
192.796261682243
535.7046728971962
202.0841121495327
406.1463414634146
265.2631578947368
820.7097378277153
324.5342205323194
290.58691588785047
1133.4608208955224
346.97523809523807
278.54562737642584
192.98170731707316
185.07249466950958
211.99065420560748
180.48876404494382
214.25280898876406
183.2022263450835
176.92870544090056
196.22846441947564
169.44465290806755
168.28383458646616
205.65225563909775
171.94172932330827
182.0391061452514
194.0766355140187
175.0487804878049
190.0728971962617
182.29455909943715
169.86516853932585
191.23970037453182
185.73644859813083
169.30669144981414
186.16165413533835
181.55534709193245
172.09141791044777
188.55534709193245
187.87546468401487
173.95872420262666
202.74766355140187
204.45046728971963
185.31519699812384
176.49534450651768
207.59662288930582
180.67723880597015
178.906191369606
191.4943820224719
180.29323308270676
178.12921348314606
207.3251879699248
190.12313432835822
180.59550561797752
209.4248120300752
180.83333333333334
171.00936329588015
190.39285714285714
168.96629213483146
170.6341463414634
206.74018691588785
175.39774859287056
174.30769230769232
210.86654135338347
189.16104868913857
229.6902985074627
248.95497185741087
216.09022556390977
230.1789077212806
1271.4132075471698
273.63653483992465
179.57236842105263
220.7659574468085
276.82460136674257
417.57760314341846
501.6666666666667
681.715139442231
1271.2156862745098
236.62829736211032
179.548
226.23651452282158
174.84158415841586
202.80769230769232
188.73157894736843
198.30654205607476
332.1904761904762
184.381861575179
429.7162977867203
264.516
195.2415458937198
778.3033268101761
557.4275229357798
932.8217821782179
543.4425925925926
404.00217864923746
209.72233820459292
426.7180527383367
799.1002004008016
510.093253968254
515.7936842105263
675.8559139784946
357.73473684210524
185.76970954356847
212.69620253164558
188.16804979253112
178.94055201698515
209.5418604651163
177.80316742081448
232.6890756302521
587.8796460176991
224.14814814814815
706.9488054607508
643.4451939291737
376.5559265442404
214.35244519392919
253.40625
218.30555555555554
324.5875
342.32894736842104
579.3458149779735
255.0276008492569
197.8068669527897
229.72055888223554
211.02263374485597
575.4157303370787
288.8436123348018
178.22014051522248
235.55733944954127
174.31447963800906
214.4187643020595
195.04670912951167
175.3884892086331
245.07551487414187
320.0777537796976
468.6188340807175
367.69936034115136
766.8514644351465
200.4718309859155
236.49134199134198
234.0973630831643
218.06609808102345
256.4672131147541
282.9875518672199
255.52008032128515
1052.0840163934427
392.03629032258067
551.7973568281939
516.1456310679612
1642.553497942387
427.359375
200.859243697479
213.25306122448978
211.37250554323725
186.25274725274724
224.59381898454745
187.88983050847457
242.16629213483145
406.3736059479554
788.1838383838384
606.9285714285714
209.13319672131146
229.18897637795277
186.96502057613168
226.9193899782135
188.26694915254237
185.85386221294362
356.4061757719715
211.6975
552.6460807600951
390.91764705882355
538.2720588235294
634.7110552763819
499.6120481927711
306.34164588528677
174.5586592178771
216.52454780361757
193.35588972431077
183.97625329815304
213.25135135135136
176.24301675977654
229.37142857142857
348.87688442211055
540.8812664907651
181.6675
621.2309582309582
919.6479591836735
233.17283950617283
227.47532467532469
1117.8521505376343
344.0831024930748
639.8955613577024
485.4984984984985
961.072864321608
341.7067307692308
526.9896103896103
660.6701570680628
482.04513064133016
378.5568445475638
176.7788944723618
245.71461716937355
181.74537037037038
218.31435643564356
182.67409470752088
187.79643765903307
202.1720430107527
417.50125313283206
261.9755434782609
323.07887323943663
221.66751918158567
191.63882063882065
211.85476190476192
183.12103746397693
195.76943699731905
278.22222222222223
201.73684210526315
212.17821782178217
407.54987212276217
492.3612565445026
521.2419753086419
656.1435523114355
471.9344729344729
415.787012987013
204.7860962566845
176.60199004975124
224.83033419023135
177.40285714285713
172.47058823529412
203.3044619422572
177.4144385026738
369.0
217.8905109489051
197.9367469879518
1648.4859335038363
189.66666666666666
226.4832904884319
183.009828009828
230.0992736077482
346.8181818181818
228.17525773195877
933.8190709046455
722.9661016949152
511.8637413394919
541.066852367688
508.15954415954417
655.1188405797102
257.65811965811963
174.0051948051948
203.71666666666667
198.81866666666667
177.62326869806094
229.97471910112358
183.22131147540983
242.69642857142858
450.86160714285717
271.34271099744245
194.16461916461915
205.98762376237624
403.61176470588236
533.8520179372198
204.05208333333334
215.68883610451306
248.84560570071258
180.06832298136646
210.16266666666667
182.3384223918575
202.021377672209
225.10623556581987
184.3131067961165
679.6058201058202
417.3480278422274
226.21002386634845
213.36444444444444
187.1328502415459
225.17241379310346
188.62528216704288
219.93103448275863
228.8943661971831
549.8820512820513
273.4698795180723
413.8181818181818
444.12098765432097
1282.8251928020566
1068.8722826086957
248.73670212765958
268.5391923990499
223.06716417910448
460.8702290076336
389.165
1932.8564356435643
650.9502369668246
549.8859223300971
494.036231884058
1712.961352657005
322.4693396226415
254.0631067961165
178.50121065375302
189.33653846153845
217.2015503875969
191.4973544973545
225.67837837837837
175.61516853932585
286.43123543123545
435.42175066312996
235.98429319371726
187.46059113300493
917.7244897959183
1597.8712871287128
256.1333333333333
211.1590909090909
252.26161369193153
210.67460317460316
665.2860576923077
309.80371352785147
200.96694214876032
237.62614678899084
186.04358974358973
273.82409177820267
710.7149643705463
209.08695652173913
192.5985401459854
230.772397094431
185.505291005291
187.45526315789473
229.7111111111111
201.806146572104
640.2990196078431
734.8025316455696
250.03406326034064
196.52849740932643
196.88861386138615
205.00554016620498
192.59259259259258
244.38820638820638
383.5960099750623
352.7163120567376
210.67435897435897
848.4819587628866
772.9697732997481
961.6972222222222
1240.4261083743843
1501.744623655914
447.51842751842753
265.0235602094241
185.24289405684755
207.24864864864864
190.21522309711287
200.5558659217877
206.42582417582418
363.6005361930295
1075.0585365853658
1008.7950310559006
222.87473460721867
295.2044198895028
218.1221238938053
280.6599634369287
327.59007352941177
200.22965641952985
230.32588454376165
203.61100917431193
344.5660036166365
1312.7765151515152
557.4719710669078
575.3836363636364
683.6913123844732
526.0075471698113
444.3086876155268
223.78148148148148
178.73055028462997
203.7378277153558
187.8848368522073
1041.740671641791
209.76966292134833
175.59047619047618
439.47802197802196
213.9741697416974
645.442561205273
839.1952554744526
217.2832699619772
181.51171875
201.98823529411766
195.204280155642
183.67748091603053
207.31569343065692
173.72131147540983
206.58988764044943
184.99628942486086
198.47037701974867
1418.9561904761904
841.833962264151
511.03538175046555
183.70666666666668
212.73048327137548
188.0962962962963
171.22429906542055
560.1886446886447
419.0126811594203
263.25858951175405
329.0373831775701
217.45961538461538
216.73795761078998
682.5065666041276
288.97727272727275
236.578853046595
277.91263940520446
301.640221402214
371.7765151515151
398.75822050290134
489.78171641791045
1637.6315789473683
448.1872727272727
549.9297912713472
479.04371584699453
1590.6271186440679
404.49615384615385
207.7890625
184.61163227016885
197.3740740740741
177.4980079681275
199.18955512572535
191.76051188299817
200.1415270018622
334.3768656716418
489.9092592592593
187.9441233140655
204.91328413284134
193.74814814814815
230.97237569060775
239.8929889298893
189.2239685658153
326.820415879017
208.59923664122138
239.9784946236559
994.2854442344045
677.4436229205176
535.2381818181818
501.83639705882354
691.2509363295881
462.0710280373832
184.1622641509434
181.94139194139194
218.2603978300181
180.69811320754718
218.06203007518798
179.42134831460675
225.54615384615386
511.74260869565217
313.42857142857144
561.5643382352941
171.8042226487524
326.9144385026738
250.0970695970696
1146.5009310986964
265.5539033457249
212.39718804920915
252.50089445438283
226.2540834845735
1644.5208711433756
523.2265917602996
566.1550094517959
499.1363636363636
733.9029304029305
228.574144486692
205.53359683794466
185.1189591078067
218.38601823708206
185.99097065462755
189.95305164319248
197.53755868544602
206.73303167420815
523.1047227926078
410.568093385214
508.9155172413793
195.75850340136054
425.4166666666667
286.35244519392916
214.00682593856655
685.7731568998109
448.127619047619
299.21546961325964
295.7046332046332
1133.9105058365758
595.7380073800738
547.9826589595376
525.388679245283
688.866184448463
260.97551789077215
193.1561904761905
169.4943820224719
212.19619047619048
187.7389705882353
222.1763602251407
176.1611111111111
207.45419847328245
682.4611307420495
1127.2254545454546
542.1572438162544
202.71274685816877
214.89158878504674
199.1082089552239
217.14338919925513
244.37593984962405
200.01215277777777
219.5110294117647
205.84249084249083
510.00931098696464
1972.0763636363636
585.5246800731261
471.7072727272727
757.9354838709677
467.6809701492537
213.57761732851986
202.81509433962265
171.22702702702702
662.0397727272727
544.5703564727955
225.11688311688312
196.71186440677965
637.8429602888086
188.67657992565057
1689.3429602888086
227.0814814814815
207.55555555555554
186.95272727272726
233.65735567970205
181.85714285714286
210.3673835125448
191.4991150442478
195.75409836065575
200.309963099631
175.5095785440613
208.93345323741008
189.10110294117646
225.5054945054945
179.94669117647058
189.30990990990992
188.72878228782287
181.6390977443609
210.28947368421052
169.3134328358209
198.86471663619744
180.96168582375478
196.75280898876406
190.73567467652495
168.98130841121494
219.3467889908257
180.28677839851025
211.2071563088512
185.56624319419237
178.14882032667876
225.45714285714286
175.0267175572519
196.6581532416503
180.62040133779263
194.3280977312391
197.28937007874015
167.4762808349146
205.10746812386157
182.1520572450805
216.1931818181818
180.3436928702011
168.92095588235293
225.015065913371
181.74762808349146
267.2774566473988
180.17322834645668
183.39922480620154
217.1493123772102
182.931640625
201.58077709611453
173.37548638132296
197.4299424184261
202.0717054263566
181.22222222222223
202.51526717557252
174.87145557655955
212.72471910112358
183.4144144144144
196.71480804387568
194.72407407407408
174.86666666666667
230.32580037664783
183.38690476190476
208.53488372093022
180.1377358490566
174.83882783882783
212.87222222222223
164.45205479452054
205.02364864864865
177.10516605166052
209.45220588235293
197.36832061068702
186.793893129771
203.78442028985506
177.94237918215615
224.36639676113361
188.59748427672955
211.26209677419354
193.28406909788868
178.89895470383274
231.82386363636363
187.609841827768
226.71480804387568
175.3564899451554
195.19622641509434
200.4191176470588
182.77304964539007
206.4252669039146
175.85383244206773
214.1847246891652
185.58768656716418
197.57509157509156
190.98568872987477
182.2210708117444
231.39304347826086
192.49033391915643
213.99139414802065
176.16812609457094
189.86277873070327
222.09475465313028
190.04906937394247
208.67666666666668
178.34907251264755
214.07833333333335
186.96629213483146
191.85211267605635
211.5771324863884
183.1159420289855
235.13394495412845
181.37974683544303
200.409009009009
185.52908067542214
175.4251497005988
189.95374449339207
208.6574712643678
171.53521126760563
205.10831234256926
185.53215077605321
209.83076923076922
191.52466367713004
178.55654101995566
226.01333333333332
187.13333333333333
228.61555555555555
173.67906976744186
197.77555555555554
214.86167800453515
194.69230769230768
205.42920353982302
206.65765765765767
228.65777777777777
181.78619153674833
195.3046357615894
213.41850220264317
188.84361233480178
203.34146341463415
172.46308724832215
209.35398230088495
186.48444444444445
181.079822616408
199.63215859030836
179.4848484848485
227.75388026607538
179.715859030837
186.30444444444444
215.29955947136563
187.1419068736142
220.90465631929047
173.61725663716814
199.9911111111111
195.39149888143177
188.75223214285714
207.96452328159646
178.3608017817372
229.27716186252772
183.23660714285714
196.42163355408388
205.2173913043478
184.45278969957081
219.29046563192904
168.05309734513276
196.0553097345133
188.4503311258278
179.45575221238937
201.7212389380531
180.6850220264317
222.52967032967032
187.7760532150776
177.98444444444445
216.72466960352423
189.97792494481237
222.14601769911505
178.53215077605321
202.84922394678492
199.01777777777778
179.99553571428572
208.97333333333333
191.7787610619469
231.93818984547462
179.06696428571428
188.66444444444446
198.41685144124168
181.3046357615894
203.57871396895789
174.10596026490066
216.76991150442478
181.1570796460177
192.97333333333333
185.5121951219512
182.40919037199126
211.46035242290748
172.88444444444445
214.26106194690266
184.69844789356983
195.23529411764707
189.6369710467706
183.21333333333334
213.078125
172.53897550111358
183.8310502283105
152.0
191.45961002785515
193.32387706855792
184.74940334128877
226.0286396181384
171.36342042755345
191.71076233183857
191.92410714285714
177.68736141906874
189.06430155210643
173.63716814159292
205.22295805739515
178.05764966740577
167.40052356020942
217.66373626373627
186.2749445676275
186.51777777777778
194.47019867549668
167.94678492239467
198.66150442477877
181.76666666666668
171.61640798226165
204.29711751662973
183.25827814569536
228.24611973392462
167.88053097345133
176.02649006622516
216.7986725663717
170.98678414096915
195.84035476718404
188.84734513274336
178.17477876106196
189.48451327433628
180.5253863134658
198.3002207505519
179.09977827050997
174.07538802660753
225.25442477876106
169.34361233480178
177.284140969163
221.61184210526315
234.8815789473684
187.14065934065934
195.37965260545906
174.36
200.54788418708242
185.46357615894038
184.9379157427938
198.14027149321268
184.06798245614036
189.27850877192984
193.63516483516483
187.27692307692308
213.53626373626375
173.39111111111112
185.4188596491228
214.64473684210526
165.94759825327512
178.13815789473685
205.14410480349346
163.4235807860262
183.210989010989
200.04575163398692
168.04646017699116
208.77631578947367
238.56455142231948
215.21978021978023
268.4551422319475
234.37582417582416
224.7391304347826
270.6305309734513
235.47902869757175
251.17738359201775
224.05947136563876
255.61925601750548
307.2488986784141
856.643956043956
550.7224669603524
766.734649122807
983.4735682819384
214.95374449339207
188.76872246696036
194.63956043956043
481.0374449339207
547.688596491228
182.71806167400882
224.1032967032967
642.8727678571429
365.7706013363029
169.93087557603687
215.192037470726
189.76888888888888
213.5911111111111
247.39911308203992
498.8752783964365
429.3644444444444
286.37772925764193
287.53930131004364
383.0066225165563
580.7127192982456
639.2494481236203
590.1252747252747
735.5533333333333
542.2781456953643
201.45054945054946
189.05506607929516
246.6355748373102
187.58681318681317
209.95164835164834
492.0769230769231
266.46153846153845
650.9977973568282
513.7687224669603
584.589010989011
237.76651982378854
255.42637362637362
179.33991228070175
213.76984126984127
566.3995535714286
285.44026548672565
236.8918322295806
241.75938189845473
863.1548672566372
820.2655502392345
571.9618138424821
516.4761904761905
1399.556338028169
426.3112582781457
199.88546255506608
189.58278145695365
178.66299559471366
209.31333333333333
175.61283185840708
211.02649006622516
201.27937915742794
399.5933333333333
410.4669603524229
378.60801781737194
916.3311258278146
221.29166666666666
683.3827433628319
704.7964601769911
207.00442477876106
209.0309050772627
239.04424778761063
265.11920529801324
1309.5054945054944
698.1618625277162
491.10065645514226
491.2560706401766
634.1280353200883
507.65486725663715
242.6769911504425
220.82444444444445
187.6997792494481
170.85144124168514
209.74115044247787
173.67256637168143
219.99778270509978
305.5412026726058
615.409691629956
1151.2008830022075
180.75275938189844
222.53964757709252
847.1039823008849
433.55066079295153
194.45454545454547
180.02654867256638
220.94065934065935
181.2092511013216
202.53186813186812
529.070796460177
600.8913525498891
779.8288888888889
514.1327433628319
508.2869757174393
176.40354767184036
181.1832229580574
211.0709534368071
177.2286432160804
199.93598233995584
167.03311258278146
179.6703539823009
202.0909090909091
321.450110864745
215.92444444444445
616.0532150776053
534.671875
606.2350332594235
1763.6570796460178
1139.0532150776053
575.5444444444445
319.2411504424779
281.14444444444445
453.84922394678495
611.5321507760532
585.9625550660793
486.4736842105263
1450.188470066519
382.12389380530976
207.93777777777777
168.64900662251657
194.94026548672565
180.35099337748343
183.27433628318585
197.3968957871397
198.42384105960264
517.0551876379691
1211.5942350332593
215.63429752066116
187.00541516245488
196.22701688555347
354.55909943714823
359.78986866791746
335.4465290806754
520.3801498127341
337.0468164794008
458.37126865671644
1381.3532710280374
826.1632270168856
551.6610486891386
512.1766917293234
703.3075471698113
276.0809792843691
175.4063670411985
209.43339587242025
188.4822429906542
195.72607879924954
199.83333333333334
539.0465549348231
237.3582089552239
692.2387218045113
553.1015037593985
222.21121495327102
277.16541353383457
697.3675373134329
210.79739776951672
199.38202247191012
187.10486891385767
171.64583333333334
194.77443609022558
183.36037735849055
182.4377358490566
209.3653483992467
669.4235074626865
670.0132075471698
1612.2706766917292
467.37148217636025
303.52425373134326
167.609756097561
193.00559701492537
176.64352720450282
183.37640449438203
197.13457943925235
196.5679702048417
403.140977443609
222.73694029850745
202.3801498127341
194.84112149532712
172.31758034026464
201.70750988142294
181.31638418079095
207.62264150943398
182.7016885553471
174.1573033707865
207.03932584269663
182.34146341463415
1129.5716945996276
484.2607879924953
469.90413533834584
639.5757009345795
380.89906542056076
310.9661654135338
177.6895910780669
193.35261194029852
211.77110694183864
674.4347014925373
887.031954887218
186.140712945591
355.1425891181989
171.27579737335836
261.9249530956848
197.8501872659176
182.16195856873824
206.34914611005692
488.6947565543071
234.07706766917292
358.859287054409
237.16856492027335
213.4411214953271
680.6741573033707
954.3065420560748
518.7835820895523
685.7153558052435
485.25373134328356
411.45233644859815
167.99248120300751
190.98872180451127
183.50841121495327
178.0822429906542
198.3877551020408
173.26355140186917
225.86355140186916
429.3035381750466
351.40377358490565
738.3888888888889
542.4056074766355
475.92164179104475
627.8555347091932
227.46938775510205
261.4365671641791
405.3228782287823
254.17132216014897
228.69444444444446
376.7375231053604
530.1338289962825
428.65981308411216
629.364312267658
556.9574074074075
558.3494423791822
182.14048059149724
227.2532347504621
183.77509293680296
190.20446096654274
213.77238805970148
188.63703703703703
200.6876155268022
170.3810408921933
378.7220149253731
308.13221601489755
650.4189944134079
275.29719626168225
209.51769087523277
340.85607476635516
568.8694029850747
274.092803030303
375.07879924953096
231.1044776119403
706.3724394785847
551.3906542056075
543.5223048327138
530.2851782363978
631.8448598130841
500.0992509363296
297.6884328358209
216.79182156133828
176.5590994371482
180.05772811918064
194.41417910447763
170.65917602996254
198.71322160148975
175.9121495327103
381.3556797020484
232.04283054003724
794.9981378026071
415.8847583643123
225.6093457943925
272.72727272727275
815.0594795539033
1601.46110056926
259.86778398510245
271.18317757009345
2230.0955056179773
854.4261682242991
1422.0055762081784
1707.948669201521
1442.0252525252524
1374.6571906354516
1757.2852348993288
668.4295302013422
245.50671140939596
211.52027027027026
386.0967741935484
232.78629032258064
429.2658662092624
1870.3522537562603
610.8718801996672
694.4440734557596
542.3327759197324
721.2609427609427
644.4107485604607
612.0718132854578
1973.747763864043
734.1147227533461
795.2882703777336
692.6363636363636
701.909691629956
287.50898203592817
998.0217391304348
1458.1070234113713
2381.8825503355706
1351.9054054054054
1776.5351170568563
585.0505050505051
278.48747913188646
537.5760135135135
1140.2905405405406
333.3686868686869
732.7848739495798
1100.8695652173913
1148.5781512605042
1041.6210350584306
280.29510961214163
404.2261904761905
557.3519458544839
795.3870402802102
1103.4256880733944
676.7922077922078
654.518115942029
755.6298245614036
858.3186813186813
451.3422818791946
964.2981260647359
1417.1830508474577
1380.87
1368.1793570219966
1785.7056856187291
611.8016666666666
261.33613445378154
547.2146422628952
988.4290540540541
493.0248226950355
626.0936454849499
407.81098901098903
663.1399662731872
857.4522613065327
327.6986301369863
396.7317939609236
678.9802513464991
615.7949183303085
1070.4572953736654
1168.1614785992217
615.7011070110701
583.9421052631579
741.8289241622575
577.9833333333333
969.0285714285715
1892.6164383561643
2157.731543624161
1394.1912751677853
1780.3030303030303
607.9266666666666
244.25546218487395
195.24958123953098
847.5075376884422
501.3333333333333
630.9410774410775
621.7300509337861
353.58430717863104
583.4273789649416
544.5851602023608
601.5295138888889
577.5460992907801
524.1047794117648
804.0278293135436
573.1035781544256
536.5428051001821
759.8527827648115
542.1503496503497
504.98322147651004
993.8988195615515
1574.0977701543738
1453.8401360544217
1481.8545150501673
1508.6381909547738
630.8961474036851
310.3333333333333
211.03697478991597
371.90625
368.17692307692306
1001.1638733705773
1168.5581395348838
787.4079861111111
473.572
961.5231910946196
440.3155737704918
643.5027624309392
755.5651340996169
568.8360655737705
709.8168103448276
566.4871323529412
542.5909878682842
1787.831081081081
378.4788494077834
991.5353535353536
1442.9543147208121
2306.344013490725
1547.829044117647
1368.045
612.1577181208054
264.96862745098036
512.9680672268908
614.5075125208681
289.5405872193437
586.9230769230769
526.7120879120879
809.6256499133449
656.8450704225352
570.9465240641712
257.7808219178082
507.4051724137931
528.4093567251462
1662.1296625222026
632.069090909091
612.6897810218978
586.3072916666666
767.4370748299319
237.60333333333332
989.1254180602007
1401.363481228669
1396.2668918918919
1397.5699831365937
1790.4033898305086
654.5633333333334
264.93275862068964
713.6209813874789
739.6194539249146
991.8612612612612
596.7683134582624
1016.1284722222222
893.457249070632
318.10305343511453
241.94899817850637
341.19750889679716
707.2821428571428
516.8017699115044
688.9363295880149
573.4135922330097
994.1215970961888
560.6817204301075
911.7044728434505
367.8504201680672
999.5709401709402
1441.110544217687
2329.545150501672
1458.7411167512691
1374.4857621440535
617.144537815126
265.52372881355933
876.757264957265
538.1964285714286
216.5432525951557
494.940350877193
317.9741550695825
348.6088794926004
504.52445193929174
309.70398481973433
634.6105263157895
515.7892720306513
533.657848324515
646.089605734767
1447.3683241252302
732.3314711359404
1704.2567849686848
535.0769230769231
269.9948586118252
1062.9912790697674
1410.4179487179488
1332.444933920705
1316.5866425992779
1321.8942953020135
946.9714765100671
252.95286195286195
973.7993254637437
927.3730834752981
382.55405405405406
776.433962264151
390.2304347826087
600.4835924006909
883.9678571428572
623.90329218107
412.6446700507614
555.6070763500932
639.6789473684211
1311.291280148423
632.3064220183486
635.3475046210721
797.6771844660194
522.6937618147448
199.23648648648648
955.5008347245409
1495.5244519392918
1480.835294117647
1433.7016949152542
1416.6742556917688
760.4182124789207
303.75544388609717
224.7060810810811
228.44897959183675
293.41783216783216
298.44053601340033
767.7517730496454
911.1262975778546
459.0804794520548
266.34137931034485
251.08216783216784
222.42518248175182
216.34375
223.94867256637167
210.29135338345864
225.6909090909091
208.9286956521739
220.00537634408602
638.0051020408164
1055.0837520938023
1494.513422818792
1369.1016666666667
1377.4030100334448
1385.4958263772955
602.9883527454243
235.95652173913044
203.74915824915826
217.2003367003367
403.41333333333336
596.2407407407408
837.8080133555926
575.0774410774411
655.0254901960784
766.3480475382004
421.57241379310346
542.1761467889909
571.8324225865209
653.8145833333333
1027.2678936605316
692.4385321100917
566.7534246575342
699.0151260504201
562.2916666666666
2114.872053872054
1686.2332214765102
1500.28547008547
2599.3808724832215
1502.3533333333332
775.4221105527638
263.5593220338983
194.25671140939596
264.1011804384486
280.33779264214047
721.1725293132329
621.3566666666667
376.97627118644067
266.30071174377224
265.51779359430606
230.16917293233084
220.32600732600733
236.14920071047956
219.02146690518782
231.3658969804618
599.4558823529412
599.5674255691769
780.4957983193277
807.0858585858585
954.7753378378378
1533.0991596638655
1421.4974958263772
1426.474662162162
1439.459098497496
668.505
278.8
389.39327731092436
212.75209380234506
340.3478260869565
788.2055045871559
1237.5014492753623
1280.3217726396917
1198.2761194029852
483.253937007874
242.7938596491228
224.81993006993008
231.6408934707904
218.19251336898395
718.9654427645788
531.0346153846153
521.0944123314066
767.0633484162896
257.2431506849315
960.3253012048193
1475.273043478261
1477.972972972973
1439.9081272084807
1407.2078364565589
668.7935702199661
264.2603448275862
426.85714285714283
227.625678119349
334.56483126110123
857.4434782608696
986.9914383561644
1153.2276559865093
706.3580034423408
534.8719723183391
233.26575809199318
226.18072289156626
231.39028475711893
209.93153153153153
844.8932584269663
681.1894353369763
576.271012006861
667.4096989966555
287.1188455008489
1000.7639123102866
1475.6179966044142
1457.0953177257525
1479.9282136894824
1399.0056179775281
667.5370370370371
293.6924369747899
331.1426146010187
210.54406779661016
208.00527240773286
224.81174438687393
244.67311411992264
212.37671232876713
263.8051948051948
647.9354838709677
358.03846153846155
236.17184643510055
215.06603773584905
205.80555555555554
202.47408829174665
214.27124773960216
336.35181644359466
1407.79
396.35
964.485
1440.9145728643216
1392.177554438861
1399.5118243243244
1408.7610169491525
577.3417085427136
290.42929292929296
361.80833333333334
275.0788590604027
341.38078291814946
648.4822335025381
1227.9512195121952
887.5368217054264
633.4614065180103
420.9098786828423
253.1358024691358
222.26124567474048
204.20658135283364
227.1747572815534
449.46542056074765
764.415559772296
626.5809352517986
819.0917107583774
476.96446700507613
949.6331658291457
1506.7508417508418
1417.7533333333333
1402.8845500848897
1390.02
654.1599326599327
284.8285714285714
364.43918918918916
227.88659793814432
242.22508591065292
222.61749571183535
554.4595070422536
383.92545454545456
594.5894736842105
233.81636726546907
232.48700173310226
222.98924731182797
205.26923076923077
382.82851637764935
508.6216216216216
530.7252336448598
721.9372822299651
559.1041666666666
351.3680430879713
1020.1042016806723
1517.7340067340067
1437.220367278798
1433.3898305084747
1383.2533333333333
1002.8833333333333
272.6649659863946
351.7755443886097
452.21943048576213
530.9048414023372
325.3339920948617
338.55424063116374
255.8211091234347
671.7127071823204
1570.8496503496503
603.5868372943327
520.9925512104284
583.5584415584416
1138.3126213592234
362.4405204460966
343.0521415270019
373.8361266294227
488.52833638025595
522.2269503546099
1092.655172413793
1447.4747292418772
1413.7434554973822
1379.238421955403
1357.9505300353358
839.6815834767642
229.75909878682842
220.02079722703638
582.073359073359
322.41793570219966
680.0871021775545
479.48148148148147
711.062818336163
1071.289383561644
1054.95025728988
674.269035532995
338.87984496124034
622.9627659574468
602.1607142857143
761.3224568138196
608.5070422535211
640.1161524500908
1305.0323129251701
494.15750915750914
955.6843003412969
1631.8932874354562
2284.1283783783783
1843.672325976231
1890.4697986577182
774.8714524207012
302.8003355704698
543.4948630136986
639.410472972973
345.1457194899818
733.727626459144
946.9764150943396
1258.7804391217564
1209.1070038910507
765.7586206896551
489.5805785123967
333.2361111111111
474.0292275574113
1201.4822429906542
641.0749063670412
613.9260628465804
637.6666666666666
625.8383838383838
364.9357277882798
1002.7513043478261
1636.4246575342465
1521.6860068259386
1502.4006908462868
1534.8733108108108
682.5415959252971
311.80035335689047
499.5352941176471
712.1022304832713
472.807619047619
742.9686800894855
431.5824175824176
451.3069306930693
841.8268292682927
869.4072494669509
365.22391857506364
435.117202268431
561.274
1623.6784037558687
592.6278625954199
579.5064695009243
594.794425087108
673.5611888111888
305.4226804123711
974.0323129251701
1470.591836734694
1502.2759197324415
1431.1109215017066
1421.9642248722316
659.3423728813559
259.49155405405406
537.5982905982906
292.51438240270727
259.07835820895525
643.2897603485839
1055.8257080610022
787.3005366726297
289.55078125
229.15495867768595
394.84432234432234
417.2521891418564
549.1519434628975
517.9081081081081
537.8220973782771
494.4298245614035
679.8050847457627
1357.561122244489
364.36380597014926
967.8394415357766
1532.7369308600337
1459.67
1383.1618887015177
2036.0150753768844
687.4140233722871
262.6170568561873
1025.734899328859
602.7983333333333
731.6729776247848
303.5111561866126
964.5936395759717
1277.19056261343
901.6058394160584
745.2192513368984
413.65499124343256
342.31588132635255
322.0088495575221
1496.9114391143912
615.6931330472103
582.1592920353983
596.6950354609929
751.6900684931506
451.25476603119586
964.2349823321555
1620.1985111662532
240.54232804232805
282.8478260869565
918.2943143812709
1322.5234113712374
663.597972972973
1379.8489932885907
671.3164983164983
192.19055649241147
1004.5466666666666
1462.88
2120.8929765886287
1989.835
1452.6989966555184
625.8779264214047
250.8095238095238
201.3235800344234
189.5858407079646
173.30976430976432
202.1851851851852
178.25838926174498
179.88682432432432
216.29225352112675
179.18726591760299
207.355
190.23578595317727
175.15242881072027
197.59
169.6304347826087
169.8890756302521
209.1765704584041
170.77342419080068
179.58823529411765
962.6094276094276
1495.89816360601
1426.0016666666668
1396.58
1317.1833333333334
616.8046744574291
237.21016949152542
170.3826530612245
206.72
175.80936454849498
172.72833333333332
196.81208053691276
168.5242881072027
172.6677796327212
201.92649572649572
174.67207207207207
173.56985294117646
203.45342706502637
173.01530612244898
169.75925925925927
193.46911519198665
169.4918367346939
170.34821428571428
201.65
935.2838063439065
1385.445
1386.6560934891486
1319.679465776294
1346.835
595.7604395604395
217.9648829431438
168.41166666666666
188.435
169.6850921273032
170.96321070234114
196.035
175.0617696160267
168.23128119800333
187.35333333333332
173.25166666666667
175.19666666666666
196.62040133779263
173.7291311754685
176.98961937716263
204.38655462184875
168.4
167.60166666666666
194.68166666666667
959.89
1388.5666666666666
1383.4566666666667
1363.9933333333333
1318.4866666666667
569.035
237.88127090301003
176.89666666666668
200.04666666666665
178.2170283806344
166.59240506329115
181.6127946127946
196.51351351351352
176.76632302405497
191.1698473282443
194.2778761061947
169.0
176.41166666666666
196.0942760942761
175.84873949579833
176.2787979966611
187.91485809682806
164.645
170.02177554438862
976.0016666666667
1454.825
1409.528109028961
1351.584307178631
1370.2401372212694
626.6870748299319
239.87958115183247
184.55923344947735
185.17420435510888
197.7295492487479
169.56734006734007
173.43915343915344
193.90630323679727
195.8972602739726
167.89931740614335
192.4829351535836
184.5702341137124
177.46076794657762
203.54666666666665
170.62333333333333
165.1686143572621
186.09151414309486
180.89
174.83
942.3583333333333
1507.5862646566163
1357.9166666666667
1380.6274509803923
1411.9481865284974
631.9161073825503
211.7418244406196
195.83187390542906
180.76978417266187
183.62748643761302
219.14857142857142
176.8154761904762
168.14171656686628
189.18562874251498
178.46938775510205
174.96963562753035
202.66166666666666
179.14814814814815
169.87394957983193
182.65166666666667
192.09060402684563
170.07833333333335
171.68333333333334
197.89333333333335
956.178631051753
1518.567387687188
1444.6883333333333
1423.6275167785234
1392.0945945945946
629.6522462562396
250.5008431703204
190.2379367720466
207.32
183.0943396226415
167.5476603119584
178.38030560271648
197.48381601362863
175.0087260034904
180.5490533562823
195.9
170.81058020477815
176.80242634315425
207.31946755407654
176.40169491525424
175.88628762541805
188.23627287853577
168.86744966442953
170.57166666666666
989.0416666666666
1483.9416666666666
1399.69
1437.385
1436.7779632721201
605.81
264.46822742474916
190.12333333333333
173.935
183.92465753424656
208.05631399317406
179.4334470989761
173.89304812834226
190.11129848229342
173.07426597582037
179.6578947368421
209.1045627376426
171.56239600665558
169.14333333333335
192.88666666666666
174.0066777963272
173.92736486486487
200.5629290617849
167.8958837772397
907.1018099547512
1446.4021739130435
1337.7066666666667
1354.207509881423
1291.9405405405405
617.6783333333333
242.88166666666666
179.675
201.38833333333332
166.56
168.94333333333333
196.65833333333333
172.86666666666667
175.98833333333334
196.59333333333333
170.97666666666666
171.77666666666667
200.48833333333334
173.33333333333334
166.925
179.05333333333334
184.25333333333333
173.11666666666667
184.945
943.0318791946308
1362.3466666666666
1352.6133333333332
1376.91652754591
1301.1547420965057
531.3616666666667
268.61872909698997
173.32059800664453
174.35666666666665
186.40939597315437
172.125
174.84
210.96327212020034
166.91333333333333
165.01166666666666
193.70951585976627
174.21166666666667
173.99333333333334
206.79591836734693
164.52276559865092
169.615
193.31
178.43193277310925
169.06333333333333
954.5383333333333
1388.6033333333332
1314.8933333333334
1348.57
1320.6375838926174
520.6816666666666
223.08922558922558
203.65319865319864
177.6170568561873
181.35121107266437
192.20338983050848
175.17198581560282
179.53088480801335
204.93707482993196
173.61969439728352
174.48615916955018
216.58671586715866
177.573055028463
176.89437819420783
191.64022140221402
168.07032590051458
177.5130890052356
210.5482233502538
173.8702163061564
930.4765100671141
1459.8650519031141
1340.7452667814114
1330.037099494098
1342.215
577.1469594594595
192.9180602006689
198.61186440677966
181.93739424703892
170.2742474916388
177.8827470686767
198.60804020100502
179.85443037974684
183.6451612903226
194.54255319148936
174.0631399317406
178.5310924369748
203.98970840480274
169.6644407345576
542.6262626262626
820.4716666666667
553.9173693086003
742.75
273.3
952.535
1400.5483333333334
1355.6404682274247
1373.19
1354.3048576214405
933.0983333333334
259.63606010016696
457.55333333333334
236.42166666666665
215.30050933786077
245.96979865771812
495.89830508474574
276.4633333333333
258.27027027027026
607.5346020761245
398.3429541595925
248.3989983305509
319.6923076923077
443.74367622259695
1447.1816666666666
913.645
557.5909849749582
1480.403114186851
414.87666666666667
983.1416666666667
1382.2916666666667
1329.1233333333332
1300.4565217391305
1221.7271214642262
851.295
261.0366666666667
315.54035087719296
284.66
912.510067114094
188.59830508474576
215.93833333333333
183.4983108108108
211.78823529411764
196.17832167832168
308.91399662731874
282.32427843803055
338.14
555.1953255425709
550.3355592654424
589.8302828618969
544.9476351351351
575.3183333333334
399.9265442404007
971.160267111853
1394.2771285475792
1354.3167259786476
1367.2457627118645
1336.0833333333333
935.8080133555926
291.03846153846155
382.45317725752506
325.42
1101.2064846416383
598.311958405546
200.79725085910653
178.1689189189189
214.03045685279187
185.65661641541038
173.26565143824027
346.1198003327787
243.5979381443299
323.0066889632107
460.9145728643216
519.6273504273504
568.2599653379549
732.7783505154639
353.53231292517006
941.5879396984925
1421.9712351945855
2406.2898305084746
1321.344827586207
1353.56
611.7283333333334
242.00346020761245
586.6772046589018
263.008347245409
295.39115646258506
224.11222780569514
327.91
734.4310344827586
581.1863247863248
292.48797250859104
714.3327645051195
361.16833333333335
726.501677852349
1272.5308848080133
499.1966386554622
550.0505902192243
517.1788908765653
687.9662162162163
1343.7976588628762
976.7077464788732
1455.3533333333332
1374.6148648648648
1431.1079258010118
1366.4683333333332
613.9079754601227
259.321608040201
183.305
195.28666666666666
215.395
231.81333333333333
194.55611390284758
191.84497444633732
173.14166666666668
205.44166666666666
174.555
191.04857621440536
195.88144329896906
173.15061295971978
182.0316205533597
729.6711281070745
563.6660341555977
610.6666666666666
208.27833333333334
932.395
1457.255
1422.34
1399.535
1454.6083333333333
669.5316666666666
235.7946127946128
418.7683333333333
239.6371237458194
241.88833333333332
245.38217821782177
302.6587837837838
625.6331658291457
365.99793388429754
1040.62
273.6069565217391
297.4043261231281
242.84808013355592
368.69453924914677
453.6943462897527
432.6816666666667
640.7083333333334
1121.741610738255
308.51438240270727
974.4891122278057
1437.4026622296174
1806.8791946308725
1996.0469798657718
1312.0254237288136
632.8501683501684
179.59701492537314
689.4545454545455
746.9055555555556
319.6044362292052
189.8987108655617
215.71003717472118
222.5672191528545
608.6312849162011
650.0409683426443
490.29739776951675
421.5351851851852
441.93071161048687
479.8081180811808
462.453531598513
482.4460966542751
1553.886827458256
1157.6505576208178
1077.1340782122904
1018.1632653061224
974.9292364990689
695.5381750465549
265.9330855018587
403.1359404096834
294.62267657992567
1666.9531835205992
2076.473098330241
4262.839552238806
2435.5996275605216
568.0092764378479
547.3843283582089
575.5018656716418
445.13035381750467
562.4925373134329
557.2873134328358
585.1899441340782
470.0429104477612
677.9090909090909
439.5064935064935
269.2185185185185
1588.3029739776953
2530.849442379182
1489.9011194029852
2033.0243445692884
1447.9074074074074
875.3308411214954
435.0073664825046
345.4526515151515
220.73595505617976
692.3743016759777
1861.3847583643123
259.543599257885
657.5881261595547
265.74531835205994
519.8451492537314
1146.8971962616822
1135.4504672897197
750.0075329566855
932.1616541353384
540.7579737335835
618.449814126394
1296.123844731978
460.7031539888683
188.38888888888889
1456.4242990654207
1182.6915887850466
1098.9106145251396
997.1100746268656
1051.0956848030019
744.4496268656717
877.0223880597015
2693.2342007434945
202.3209647495362
718.7514018691588
497.8417132216015
805.0727611940298
1002.205223880597
1405.0763500931098
451.1005586592179
515.2280373831776
431.02411873840447
553.026119402985
372.89239332096474
358.48417132216014
338.23376623376623
590.6263940520446
429.83948339483396
394.07421150278293
1306.474074074074
1017.3
1001.2267657992566
1242.3011152416357
1023.0446096654275
689.5940959409594
742.090405904059
661.9833024118739
495.87269372693726
676.7775735294117
882.7129629629629
394.8259259259259
1160.9055555555556
1878.3847583643123
1800.7463235294117
441.16326530612247
304.1478743068392
342.0
269.6761487964989
312.9235074626866
271.8895131086142
257.45996275605216
609.6884328358209
234.0834879406308
1378.2081784386617
1131.5716945996276
1048.5719626168225
1072.0018552875695
1072.8475836431228
867.6003717472119
457.5046554934823
513.4962686567164
703.1802973977696
1047.1231343283582
3616.9369202226344
358.7365491651206
319.3705772811918
1181.2364990689014
395.41977611940297
619.5355805243446
990.0841121495328
1459.6759776536312
2476.542750929368
839.445895522388
607.0597014925373
741.0581613508443
558.8715083798883
277.93283582089555
1635.4301675977654
1585.1026119402984
2542.6100746268658
1579.9757462686566
1518.1722846441949
1172.0576208178438
1247.5671641791046
441.8007448789572
438.6561338289963
3564.7555970149256
3831.2182835820895
2252.634328358209
1119.4189944134077
1489.0410447761194
1401.4962686567164
2482.319029850746
1851.6809701492537
2866.003738317757
522.3227611940298
545.5992509363296
647.7225325884543
462.9289719626168
585.3681214421252
361.8968871595331
632.3233082706766
512.794776119403
1007.2728971962617
973.3059701492538
547.8100558659218
531.9515828677839
309.53258845437614
399.6666666666667
548.3899253731344
1725.6934579439253
816.2056074766355
3599.807476635514
346.22242990654206
302.66231343283584
554.4009216589861
518.5158286778399
2353.774674115456
1160.1635687732341
642.8905380333952
617.3833333333333
682.8712686567164
625.6284658040665
935.2337662337662
556.0093109869646
688.1182994454714
548.2448598130841
1317.204081632653
567.1865671641791
541.8003731343283
527.7140186915888
488.90485074626866
966.3102803738318
396.2425373134328
1078.9072356215213
512.5743494423792
2439.108856088561
781.5555555555555
282.2271880819367
466.19109461966605
615.2820037105752
530.2267657992566
579.2537037037036
602.8701298701299
483.5046554934823
691.5335820895523
491.2578849721707
496.5807050092764
331.2555970149254
1039.4487895716945
691.4096834264432
575.4944029850747
551.5780669144981
564.0242990654206
550.0130111524163
331.9068901303538
366.09719626168226
261.7089552238806
1157.4990654205608
1021.375
502.07462686567163
951.2
973.1813084112149
523.1117318435754
485.5623836126629
503.6175373134328
506.80223880597015
921.8483146067416
569.4216417910447
486.2555970149254
1393.8212290502793
518.1529850746268
208.5205223880597
888.5895522388059
711.6
1014.268156424581
877.8130841121496
724.1187384044526
724.364990689013
534.4832089552239
373.36802973977694
1203.8903345724907
248.01298701298703
1361.351401869159
400.877094972067
719.4859813084112
814.2092592592593
778.7012987012987
384.7643784786642
407.1465677179963
1701.419776119403
506.79847908745245
500.53714285714284
439.19252336448596
581.5764925373135
1295.5921787709497
226.0056179775281
853.2846441947565
735.6691588785046
1126.5584415584415
846.7342007434944
663.0111731843575
759.0242990654206
512.3600746268656
248.21042830540037
740.2481343283582
521.5754189944134
339.5903165735568
235.21189591078067
475.17560073937153
448.14689265536725
475.4600760456274
473.47777777777776
518.2940074906367
509.74626865671644
775.6270871985158
475.4990723562152
513.7355679702049
659.945895522388
413.41121495327104
250.46192893401016
189.42322097378278
309.81050656660415
383.31954887218046
394.7002012072435
400.2326869806094
666.610644257703
455.45714285714286
445.8735891647855
508.95785440613025
259.6805293005671
222.68301886792452
177.3111954459203
269.5890151515151
178.24293785310735
182.07909604519773
218.70731707317074
199.1758034026465
393.09056603773587
638.2041587901701
882.5803402646503
247.76022304832713
189.99813432835822
335.37243947858474
230.36822429906542
273.843984962406
307.1809701492537
400.16541353383457
382.0279850746269
1335.2138836772983
427.31144465290805
358.51035781544255
380.9266917293233
1366.5131578947369
388.25278810408923
217.33519553072625
202.47761194029852
187.86380597014926
171.38317757009347
202.01123595505618
173.15037593984962
205.3377358490566
396.5422138836773
391.9640831758034
231.25891181988743
172.65853658536585
534.7472118959108
645.7788104089219
316.14018691588785
238.0373831775701
234.23827392120074
320.45607476635513
386.2555970149254
393.35
887.6635514018692
414.62708719851577
416.1026119402985
620.1359404096834
355.38619402985074
215.52247191011236
192.22097378277152
177.61380597014926
221.0822429906542
1099.1757009345795
532.8703007518797
242.04494382022472
396.8694029850746
466.6629213483146
430.72659176029964
225.89943074003796
245.4671669793621
211.5009416195857
408.0859813084112
301.5559701492537
311.01495327102805
392.80675422138836
413.4411214953271
471.62288930581616
420.43714821763604
444.60861423220973
411.82894736842104
400.7425373134328
457.0450281425891
231.30149812734084
289.9906542056075
219.24253731343285
217.37640449438203
533.9126394052045
286.3707865168539
250.05263157894737
610.8026315789474
449.62546816479403
554.2532833020638
264.45676691729324
546.4482109227872
640.9026217228464
404.34644194756555
187.51123595505618
254.66041275797375
275.44465290806755
401.44736842105266
584.5206766917294
450.9700374531835
387.207476635514
396.8345724907063
545.5224719101124
346.78691588785045
191.2742537313433
177.5512104283054
222.2669172932331
180.15759849906192
178.34766355140187
198.21042830540037
181.85981308411215
357.66168224299065
205.47663551401868
1565.4245810055866
273.85178236397746
232.6411214953271
255.53558052434457
520.8217636022514
310.85767790262173
432.5121951219512
407.9384328358209
378.20335820895525
390.1809701492537
344.83895131086143
298.938202247191
289.625
334.09479553903344
301.63500931098696
324.09869646182494
291.637707948244
226.78026070763502
213.48423005565863
465.91635687732344
249.11069418386492
213.49812734082397
173.45590994371483
246.56822429906543
628.2742537313433
273.8370786516854
263.53644859813085
212.05410447761193
230.08301886792452
246.011320754717
223.7570093457944
501.6135084427767
374.57410881801127
351.64232209737827
709.6923076923077
349.22346368715085
375.61121495327103
1429.8236397748592
376.4143126177024
167.79511278195488
178.66478342749528
198.05816135084427
178.62476547842402
188.8517823639775
172.98696461824954
210.12570356472796
392.0093457943925
217.90280373831774
208.13483146067415
409.5842696629214
471.4897196261682
567.4074766355141
257.4934823091248
385.9888268156425
234.07262569832403
332.003717472119
400.31284916201116
1419.2337962962963
467.9881188118812
328.75836431226764
363.96629213483146
324.49626865671644
254.203738317757
197.36988847583643
185.83548983364142
221.88805970149255
175.38836772983115
1116.0261194029852
569.833644859813
203.003738317757
366.64684014869886
253.77009345794391
531.2251407129456
228.8152985074627
236.4596622889306
213.57089552238807
548.6082089552239
208.4830827067669
331.0545112781955
330.3239700374532
385.7059925093633
602.468045112782
978.8876404494382
660.8742964352721
1699.3681818181817
378.6747663551402
266.44716981132075
209.207476635514
178.49906542056075
183.66479400749063
191.17843866171003
173.34953271028039
193.43283582089552
202.05027932960894
388.2313432835821
449.78317757009347
169.89199255121042
206.84729981378027
184.1685393258427
180.33395176252318
756.7588785046729
529.3414179104477
258.90262172284645
453.8320895522388
417.0558659217877
1299.603738317757
384.7906542056075